0.875          0.875       0.875       24                 ROOT
1              0.5         0.667       1                  acomp
1              0.667       0.8         2                  advcl
0.808          0.875       0.84        26                 advmod
0.921          0.921       0.921       38                 amod
0.75           0.375       0.5         4                  appos
1              0.944       0.971       17                 aux
0.75           0.75        0.75        4                  auxpass
0.957          0.957       0.957       23                 cc
0.833          1           0.909       6                  ccomp
0.92           0.742       0.821       25                 conj
0.778          0.875       0.824       9                  cop
0.5            1           0.667       2                  csubj
0.048          0.5         0.087       21                 dep
0.973          0.923       0.947       37                 det
0.968          0.857       0.909       31                 dobj
1              1           1           2                  expl
1              1           1           2                  iobj
1              0.833       0.909       5                  mark
1              0.6         0.75        3                  mwe
1              0.833       0.909       5                  neg
0.842          0.842       0.842       19                 nn
0.953          0.891       0.921       43                 nsubj
0.667          0.5         0.571       3                  nsubjpass
1              1           1           8                  num
0.5            1           0.667       4                  parataxis
0.667          1           0.8         3                  pcomp
0.878          0.915       0.896       49                 pobj
1              1           1           11                 poss
1              1           1           4                  possessive
1              1           1           1                  predet
0.907          1           0.951       54                 prep
1              0.6         0.75        3                  prt
1              1           1           68                 punct
1              1           1           3                  quantmod
0.909          0.833       0.87        11                 rcmod
1              1           1           2                  tmod
1              0.5         0.667       2                  vmod
0.8            0.571       0.667       5                  xcomp

