0.75           0.75        0.75        24                 ROOT
0.5            0.5         0.5         2                  acomp
0.5            0.667       0.571       4                  advcl
0.808          0.875       0.84        26                 advmod
0.872          0.895       0.883       39                 amod
0.333          0.125       0.182       3                  appos
1              0.944       0.971       17                 aux
0.6            0.75        0.667       5                  auxpass
0.957          0.957       0.957       23                 cc
0.444          0.8         0.571       9                  ccomp
0.773          0.548       0.642       22                 conj
0.75           0.75        0.75        8                  cop
1              1           1           1                  csubj
0.042          0.5         0.077       24                 dep
1              0.949       0.974       37                 det
0              -           -           1                  discourse
0.875          0.8         0.836       32                 dobj
1              1           1           2                  expl
1              1           1           2                  iobj
1              0.833       0.909       5                  mark
1              0.6         0.75        3                  mwe
1              0.833       0.909       5                  neg
0.842          0.842       0.842       19                 nn
0.837          0.783       0.809       43                 nsubj
0.4            0.5         0.444       5                  nsubjpass
1              1           1           8                  num
0.667          1           0.8         3                  parataxis
0.667          1           0.8         3                  pcomp
0.891          0.872       0.882       46                 pobj
1              1           1           11                 poss
1              1           1           4                  possessive
1              1           1           1                  predet
0.979          0.939       0.958       47                 prep
1              0.6         0.75        3                  prt
1              1           1           68                 punct
1              1           1           3                  quantmod
0.769          0.833       0.8         13                 rcmod
1              0.5         0.667       1                  tmod
1              0.5         0.667       2                  vmod
0.667          0.571       0.615       6                  xcomp

